         H3K4me1    H3K4me3  H3K27me3  H3K27ac    H3K9ac        FPKM
0       0.000000   0.000000  0.000000  0.00000  0.000000    0.000000
1       0.000000   0.000000  0.000000  0.00000  0.000000    0.000000
2      -4.153110  -1.420260 -5.472580 -2.88314 -0.067943    0.000000
3      10.388800   3.793000  0.187398  5.88372 -0.043178   23.712564
4       7.408840   3.462860  0.342447  5.48455 -0.032164    0.000000
5       8.045240   6.904190 -6.560200  5.06289 -0.083963    0.000000
6       8.045240   6.904190 -6.560200  5.06289 -0.083963    0.000000
7       8.045240   6.904190 -6.560200  5.06289 -0.083963    0.000000
8       8.045240   6.904190 -6.560200  5.06289 -0.083963   10.997173
9      -0.176742   5.446700 -6.026810  9.71175 -0.062821   19.067924
10     -0.176742   5.446700 -6.026810  9.71175 -0.062821    6.315716
11     -0.176742   5.446700 -6.026810  9.71175 -0.062821  119.325905
12     -1.245130   4.026700 -1.625470  6.13464 -0.038194    6.421000
13     -3.501440  11.984000 -8.240660  3.27872 -0.077961   26.929455
14     -3.139140  11.336000 -8.030790  2.05838 -0.073548    0.000000
15     -3.139140  11.336000 -8.030790  2.05838 -0.073548    0.000000
16     -3.139140  11.336000 -8.030790  2.05838 -0.073548    8.754889
17     -3.139140  11.336000 -8.030790  2.05838 -0.073548    0.000000
18      5.054560  -0.356666 -5.571950  1.71847 -0.070541    0.000000
19      1.762170   0.290951 -5.180490  4.29220 -0.064598    0.000000
20      6.205470   1.468210 -1.302850  4.81549 -0.045166    0.000000
21      6.205470   1.468210 -1.302850  4.81549 -0.045166    0.000000
22      8.571350  13.756400 -6.515650  2.39420 -0.073815    0.000000
23      8.571350  14.089800 -6.515650  2.39420 -0.075821    0.000000
24      4.802850   1.355190 -3.972350 -0.46107 -0.058666    0.000000
25      1.010250   4.150700 -1.722120  2.78271 -0.027637    0.000000
26      1.010250   4.150700 -1.722120  2.78271 -0.027637    0.000000
27      1.118020   5.031680 -1.932280  2.93906 -0.030748    0.000000
28      1.118020   5.031680 -1.932280  2.93906 -0.030748    0.000000
29      2.637160   0.493954 -3.600490 -0.47892 -0.048474    0.000000
...          ...        ...       ...      ...       ...         ...
34688   0.000000   0.000000  0.000000  0.00000  0.000000    0.000000
34689   0.000000   0.000000  0.000000  0.00000  0.000000    0.000000
34690   0.000000   0.000000  0.000000  0.00000  0.000000    0.000000
34691   0.000000   0.000000  0.000000  0.00000  0.000000    0.000000
34692   0.000000   0.000000  0.000000  0.00000  0.000000    0.000000
34693   0.000000   0.000000  0.000000  0.00000  0.000000    0.000000
34694   0.000000   0.000000  0.000000  0.00000  0.000000    0.000000
34695   0.000000   0.000000  0.000000  0.00000  0.000000    0.000000
34696   0.000000   0.000000  0.000000  0.00000  0.000000    0.000000
34697   0.000000   0.000000  0.000000  0.00000  0.000000    0.000000
34698   0.000000   0.000000  0.000000  0.00000  0.000000    0.000000
34699   0.000000   0.000000  0.000000  0.00000  0.000000    7.675375
34700   0.000000   0.000000  0.000000  0.00000  0.000000    0.000000
34701   0.000000   0.000000  0.000000  0.00000  0.000000    0.000000
34702   0.000000   0.000000  0.000000  0.00000  0.000000    0.000000
34703   0.000000   0.000000  0.000000  0.00000  0.000000    0.000000
34704   0.000000   0.000000  0.000000  0.00000  0.000000    0.000000
34705   0.000000   0.000000  0.000000  0.00000  0.000000    0.000000
34706   0.000000   0.000000  0.000000  0.00000  0.000000    0.000000
34707   0.000000   0.000000  0.000000  0.00000  0.000000    0.000000
34708   0.000000   0.000000  0.000000  0.00000  0.000000    0.000000
34709   0.000000   0.000000  0.000000  0.00000  0.000000    0.000000
34710   0.000000   0.000000  0.000000  0.00000  0.000000    0.000000
34711   0.000000   0.000000  0.000000  0.00000  0.000000    0.000000
34712   0.000000   0.000000  0.000000  0.00000  0.000000    0.000000
34713   0.000000   0.000000  0.000000  0.00000  0.000000    0.000000
34714   0.000000   0.000000  0.000000  0.00000  0.000000    0.000000
34715   0.000000   0.000000  0.000000  0.00000  0.000000    2.011199
34716   0.000000   0.000000  0.000000  0.00000  0.000000    0.000000
34717        NaN        NaN       NaN      NaN       NaN    0.000000

[34718 rows x 6 columns]
                            OLS Regression Results                            
==============================================================================
Dep. Variable:                   FPKM   R-squared:                       0.000
Model:                            OLS   Adj. R-squared:                  0.000
Method:                 Least Squares   F-statistic:                     1.071
Date:                Fri, 31 Aug 2018   Prob (F-statistic):              0.374
Time:                        16:34:52   Log-Likelihood:            -2.0497e+05
No. Observations:               34717   AIC:                         4.100e+05
Df Residuals:                   34711   BIC:                         4.100e+05
Df Model:                           5                                         
Covariance Type:            nonrobust                                         
==============================================================================
                 coef    std err          t      P>|t|      [0.025      0.975]
------------------------------------------------------------------------------
Intercept     13.9014      0.551     25.208      0.000      12.821      14.982
H3K4me1       -0.0244      0.063     -0.389      0.698      -0.147       0.099
H3K4me3       -0.1367      0.076     -1.803      0.071      -0.285       0.012
H3K27me3      -0.0717      0.075     -0.951      0.342      -0.220       0.076
H3K27ac       -0.0150      0.118     -0.127      0.899      -0.246       0.216
H3K9ac        -0.0230      0.037     -0.629      0.529      -0.095       0.049
==============================================================================
Omnibus:                    86651.820   Durbin-Watson:                   1.857
Prob(Omnibus):                  0.000   Jarque-Bera (JB):       2416418664.227
Skew:                          27.048   Prob(JB):                         0.00
Kurtosis:                    1294.338   Cond. No.                         15.1
==============================================================================

Warnings:
[1] Standard Errors assume that the covariance matrix of the errors is correctly specified.
